21832918
16283039
19975556
21249947
13262271
16986243
20950604
16536402
14084559
10470454
11964117
9048527
18535258
9918342
20771135
10186440
8141273
11326524
17843874
11524973
11935911
16295707
16848647
19546943
3305925
10601406
21448664
10474359
12210459
16586695
11909351
18514099
16047214
21786339
17548785
11614287
9544198
16077806
16698725
21930846
18958995
15860671
22021120
21861518
13535998
17661165
21843487
12069829
18500504
16852529
12315855
8378353
12779699
20738909
14586466
9181361
15646899
12518388
22263945
17933039
21735269
10482844
19427106
12777013
19229258
18212972
9751476
18498623
10191268
18056336
12539950
6740831
16994760
14690403
18961002
8057885
16295132
20218842
11797817
9215258
14517880
7869980
18822022
20179389
10708217
16602442
18362461
11906425
20769561
7748112
16294206
18269259
9965975
19985520
13680029
13140425
20700884
19809609
18044756
12042856
12264628
14705426
6475490
16683255
17550835
12074434
19212856
8642843
12884602
12777778
17490196
12172752
21175370
13956893
21491447
10080689
21259550
17716920
11421600
16467527
18153685
7536902
14678426
13656934
20952130
11816071
10440153
6749546
10972355
12414513
14721794
16303761
20332963
18755598
18913975
18266646
14650050
12861774
13564899
20183488
10223323
21117142
7888506
15001368
11869848
9981547
15867947
21119633
20945761
22272899
11706958
10634582
10416653
18000168
6348886
12236343
19437583
13436042
20608878
8561588
14184680
16801891
12780775
20930209
10440107
6099370
16767513
12732377
11623005
11533410
19684103
18533293
14696658
14783059
9367849
17437002
10191089
15963883
7639890
12265229
14630117
12541259
19785011
20697375
20943576
21133966
8075309
21933798
16874396
8379537
10978429
17177816
6710902
18695931
18823492
16995746
10450473
11461065
10376497
19885293
20512399
7723811
10427519
12450274
10316241
21663771
13839675
10569623
20909960
21312956
12882168
9649130
10428088
16341299
21705200
12210903
20730602
11404922
18205422
20912392
9033366
13109313
15858932
20677285
21145471
14193406
18223616
18119806
10104962
14124214
8893750
18703762
16927527
21672581
17520403
10560119
15647267
18197097
3314203
11795415
17509412
11910261
19578922
18802571
21008535
19390404
17365916
10350308
14283788
16986254
18198119
21983680
6520347
18050587
18047039
7530619
18352282
10482897
18528432
10809124
17992251
17978686
17926210
11856540
21291689
8286358
8852048
18104373
15646831
12450266
16681997
9256997
11549992
18498768
17940739
21426018
20507683
11716576
18075084
11416326
10061534
11550870
12418235
20446945
18260108
19483079
20082377
10335641
7521426
9355207
11138346
13285163
15267282
18579198
17739821
11920659
11732087
19171294
21992500
21044518
19543350
19807961
17009119
21216970
19823782
10215385
17379873
10430715
15270231
17040798
20508214
10515206
15316645
14543503
11708117
10422241
8296967
18500819
19738975
10596422
18272678
13332507
12555616
12053746
10410389
16861135
15360061
17163456
18957288
17793755
12091190
13232835
9578994
19401451
18956737
12663505
10585231
16890784
17862759
11451794
12005343
14184009
20758613
11809882
17491545
12070904
12362231
9575109
10167880
12515899
15362789
18609514
12721260
17075475
15952458
12309938
12770013
12382455
12512774
18867780
20194862
18326156
16067256
19459062
15870601
12873981
12069809
15234289
20004839
20499465
6308839
9255521
12022073
13997452
16821760
20306627
18952675
18406053
18848253
14513666
20947626
12171971
16485380
3874152
10409963
15019051
11673409
12403681
12852056
10214704
15104266
11536089
12020672
21304768
18128262
20109209
20698686
21694807
14679983
18690140
20100139
21957973
17653692
19311406
14192353
12428572
16148256
14456659
10010132
15233452
18199896
20548666
9141946
19674077
21926245
15962596
12874110
13256718
11510864
21613470
20915547
9283348
20061186
15285566
15887937
15626131
19621248
13575729
11510453
6177910
18124011
16721918
20690076
16676290
18705490
10873474
18267191
9088286
14557646
16386506
8126954
12835908
11964512
7913133
16823399
20774002
15811569
15362494
12402421
20006315
21004764
9117951
20925425
16877240
11809895
21151068
19525804
8343652
11158276
12054827
14778626
21299918
10619966
15967399
20925521
16341914
21816994
12267584
5327370
11643603
21227863
21706485
9751899
8840385
12219482
10335580
16696931
14663946
13585536
18591250
16286156
19243416
11595485
17775037
20951502
21216421
11717023
16491752
20882218
11706982
14627669
8846812
12045998
15856731
16294433
10677346
21797499
15645494
10352673
19569907
18755907
11546036
13254081
20954262
21541516
11976081
18071305
18011841
17335054
11488738
12137451
11796859
20949892
2276326
9976341
13446755
10517143
21781886
17968813
13780393
15958966
13387159
21275990
9963513
9610352
19210089
12150312
21889135
14251184
16823454
16592665
20007850
11902801
6373105
18107388
14641450
14335273
18049571
18841807
14770901
11976534
10586957
20943737
12128278
20953226
11869030
14426432
11785720
11979209
16032177
10111915
10702208
21143479
16310253
12973836
19433890
18138735
12219143
11882722
14691363
20930602
16292952
11583440
18267752
19764351
19626616
16300635
15209320
17993231
10052897
12136633
10227823
16494810
15260170
17771689
7725084
20918843
16295180
14407126
11818960
20242031
20498300
12043045
20211938
16010876
16369616
12766582
19684729
16753892
18050276
10175822
21129804
11798294
12309956
21694705
17380743
20874126
16290517
12269402
21485590
9329453
11612656
11403802
12221954
8985064
16179273
9816629
13769220
14039344
8325806
21656986
14254660
21591138
14769539
10909390
18182337
7326887
11791128
12777799
6525086
12728534
11545537
14680703
19989057
21133549
12664418
7009578
21256094
10046307
8755083
12518321
16292489
17291682
12221502
14792116
17350893
10241493
6587797
11742843
17654221
15867970
18684371
8858855
18515793
17864107
11798986
18043667
16901023
14463776
17122422
12113028
17026111
18541277
19189258
12834389
19618765
11719855
18499654
17621249
19791686
18204049
14577475
13310887
18957477
20928392
14005123
20099528
10160201
16183003
18654555
10237207
20320825
11590268
8610891
19995287
10129557
18207247
21297453
13084531
18152037
14324760
19145088
8838174
20634348
13185601
11199804
13342427
11975573
17703155
11168354
15647673
18260531
19205098
7634315
12061367
12048850
16306755
18952630
20903835
15417845
19754663
3683018
8300666
21022183
14325718
10837166
18185442
10583600
10655818
15436476
6434166
11917667
14249207
21168041
11979957
17882734
11372935
10225251
15894910
12995569
10431288
6852405
17652005
12020680
9940163
12515824
21046624
14297779
17040023
21504752
19552419
11488035
11999373
3228719
18029978
12827737
16171730
17752429
22106997
5665242
16294476
21621274
20947352
10451982
20923443
14000980
10170160
8136539
11512286
10906531
20164505
9257176
20855476
11545823
14275110
11909513
11711562
20922076
18206971
9527509
18499621
16869097
17635646
18080501
11780893
20254132
6085209
21418343
18502014
17735201
20355202
11906928
13135096
19823577
17742880
10670517
21584539
15651044
8762684
20951475
8979610
9063945
13391623
22050139
12043003
20390869
21827685
21000147
16290383
19821372
15026220
17118250
10836324
19952753
11427038
21541057
15858386
13789651
11751112
10700764
20942377
18849207
10314091
14779985
19445983
21886372
18958295
10756303
18655163
12032698
21162572
19293259
18679163
20187503
11976070
14554421
4224222
11460360
18160626
11535183
12768769
16818196
9819114
21584186
13255654
16525174
4386398
9552044
20482624
15849314
11798603
21248805
9625760
16603853
12453492
18305405
18235012
19447463
10825804
13477807
16941409
17211942
9066917
11985484
11798061
11893474
17879836
7731541
18124934
9736141
17006730
8880375
9088555
17028302
20382943
14638436
17996501
15887389
20508562
10183064
8712672
10489494
15417360
9918796
20503780
9918785
11090673
18501802
21182888
9828973
18174639
19672484
10010019
17522536
10612785
15455942
7226589
9514304
20759114
9652023
21256235
21217728
20269178
11826366
18535267
17842000
6715899
12319999
21368408
21732506
16959847
17747335
16879811
19209801
8342882
20915634
11882606
16701312
10430909
12767676
9257136
10904750
18146948
8359089
11460208
14323857
18149186
16443642
14460942
19427198
19418503
18533930
18953522
21904658
21793561
9274202
17014953
12004671
20949784
9573332
9652739
9491523
11818658
16290558
13178394
10621770
16934846
14750568
12923835
11118683
9706936
13742313
17803866
20901851
19018941
16684375
20469069
20672618
19572334
9535234
11048650
18126873
9804065
9349019
11039436
10067802
15868173
11855770
11323515
22020873
18501448
15417196
14704169
11836971
19763117
18199169
10273088
16900432
16987005
15362494
20978125
21568287
18611944
12303270
14707758
15364633
19522733
20919796
13688380
18550406
16278552
20764193
9051817
15315507
20663554
17136425
20084847
19487261
15962853
17011776
18166024
18208278
20960705
8300844
7386085
13883231
18949688
21613309
18495913
13714035
14659274
12140061
15210962
11628132
12777050
11484256
20353206
17138472
18223600
20382392
16901174
14565297
10703995
21156514
14681496
12363955
21211797
15799301
6287618
12985018
17375263
14264258
11706993
19710769
21876231
19203318
15861482
18212681
14672817
14988258
19139868
10794033
11454388
19559740
18139480
20913249
16939586
16931482
16701309
18798091
19212372
19428352
16256107
20151854
16633662
16741301
11047440
18043936
15962760
16959826
10995590
10769130
9721712
20916895
12991854
8116794
11802645
13178609
18954634
18959676
19220054
10400949
18967996
15341854
15382585
9007250
12121468
9176684
19821295
20915404
13317951
18704428
11588078
20481661
18764072
13454753
21528064
12226526
13850703
11661302
12187756
12187690
20949993
12197611
18705405
8379701
17125557
9233508
15029795
10592255
7509870
17211692
20942398
20947326
12223153
7518834
6462608
9762598
13141840
8970784
18207715
19578283
15413912
15951380
12428053
19215461
14644450
15079572
18819738
15262221
10289518
19880012
11088903
8549233
19482132
12307107
20951195
20609196
15341956
11915786
12069524
12665647
19632782
5618295
17028344
9923476
16850334
18231108
8585324
13718486
12043267
20839536
20857799
21333358
14538905
19685548
17428071
19426781
20950433
15060409
10885246
10574377
19758277
22206558
14088252
21257616
11920680
9963099
21489418
19997145
9675745
18510532
18957576
14586458
10703443
8164687
14445216
10897533
20881884
17747246
14249526
18154051
14387824
11688803
12192124
18418978
8342402
21767350
18919184
19405139
10219338
10108520
15310672
18073118
14444223
10012686
10335666
14856949
16323181
17351503
14329507
15646097
21184929
10436911
20702435
8762822
17017424
14356461
8060107
6580317
11801380
16071629
18050280
3320029
10794074
8345832
21708412
16669301
9632591
20338719
16174938
18655899
10273083
14335557
17402379
20580834
13177419
8076076
18157647
21969365
9409363
8396231
21499294
9914623
21521078
12138928
16068897
11210890
10594424
12277167
19400695
6673454
20310831
18258502
18200870
11186792
11549996
17626290
12984231
17740844
20546817
17825319
11323174
10614755
15085722
17291437
9518609
12302695
9912698
19848424
11333265
17864168
21543903
12518837
2576585
17432307
17528006
15961005
11640451
10319745
8366139
12770036
10454515
15075228
16912311
20084895
19977624
10513701
22352524
18499047
15432438
12141567
14988286
19031479
19552606
16953359
18172010
6325329
20306397
5171438
12013889
16293612
14645051
14824583
9274146
9425586
10557100
10052855
9260518
17348687
20220199
18199614
18104031
15928561
22284364
22174873
17366865
9103382
17886184
20699148
10587168
10317715
10327704
10014015
16472275
22350483
18198665
17816221
19425616
20430549
18164388
19794494
6136782
9442165
20352633
19418409
8998284
10282801
14388371
9625549
7685692
16605385
10627943
18156804
20916915
19523992
7472061
6753818
16636703
20815104
20445555
20381022
22065883
13687431
14465285
19311851
10230175
11860644
11798433
4295204
18209541
19471226
11616250
9514461
18946496
9509071
16958247
10233952
21078956
6165257
21172415
15799742
10030349
10469053
7666272
7924246
11599474
15951990
17004904
10422707
19567211
13915327
20498371
22392396
18049761
10364996
14691064
11630943
15891879
11545478
21880142
18530421
20253753
10297259
15389871
16288893
18515771
12732599
12096712
5953903
18826074
19498046
16306813
17744765
17352478
11382364
11934979
8962888
18960714
14270278
16150621
13385592
18713345
9260507
5798033
10478468
10897588
8475254
14310949
18072739
13158927
17382435
13685358
20177510
18265094
17063600
10627939
18853532
17127457
20580852
10553931
17873788
20538973
17515544
12171788
11750049
15031977
10631045
18197837
8909861
22355222
20547072
14755704
18541229
11131007
14063455
13285709
18273586
20927186
10238370
14263273
18073704
21667225
9237837
12149141
20057131
12304814
15859390
17968776
20042230
13291868
10186477
21236101
14777776
20972077
16807307
11451341
20676889
13342067
11737431
21382613
18203953
18749498
10565977
18679946
21346939
20473865
8459667
18957385
13866500
21850814
14516894
15641062
6755691
16887801
12777774
16563781
21482948
20389947
20407112
15858984
16317718
16014676
12807134
10228325
10536270
14227391
14346923
18896711
9561478
18048217
10091892
16320849
11784117
19512872
10215138
19825426
15948808
20104776
8891620
12300643
11649486
12115946
12443413
10383955
22206125
22041705
18112059
15380323
11983572
8218653
20702621
13050493
18849334
16494348
12151719
10542359
13942038
14327798
14505441
12133152
18801514
19766221
9051346
21860439
18659527
17927238
8901885
11689921
6128021
16603176
20753118
18655726
10847572
9616043
9942060
13159699
18082946
12613455
10426288
12020405
18193813
21984193
18391437
13307394
5836229
14254310
19232863
11043446
18048636
8611385
12778518
16565749
10401080
9189536
15970178
18270005
18496549
17339200
19783527
12186073
16290318
14534513
17934660
22337392
12343301
19804370
10290007
5189854
14267921
16444998
20482127
18044257
8066532
15867920
10479747
20465106
21275494
21527450
12521062
7957419
12885140
16399969
16560646
15382932
9769566
7894586
14801414
18952590
5773547
16468558
19316740
19686531
9995148
7194345
7480104
10541038
12128998
5522086
18535339
10135948
12021762
10747327
17969666
9481543
17669771
21079331
10387124
18733140
13489166
11934715
10220217
6986658
16449750
8199206
11171084
6420914
5509866
14381596
20953634
16183383
13741073
11855270
12305319
21499549
10565978
14190033
16939600
9557189
12005768
19693125
18130686
20845453
10464665
11592393
20536399
17415684
8377681
12344918
3343887
9535655
20944467
16892506
17386286
21028283
13831301
10708229
16491921
21571904
20257853
20922997
18705499
9610523
18267741
12876058
16032442
14249900
4765890
10641346
21612351
16391001
14536439
20949585
16817290
20845784
12688012
10341706
17867391
12179626
19853215
12211845
18612660
17826505
8880363
20698002
17765063
11502512
21005124
12885446
11793994
11796859
17662318
10373091
19674945
18212294
12453923
9930315
14251902
8434748
13255840
8165990
22357251
20457119
8032916
12752129
13732841
18073001
19470154
17848430
19220106
16719044
22028836
11072108
11734458
7463553
12452183
14371771
10889325
16196883
21469093
12818161
18075077
15035458
19484985
18500638
10175533
21277532
22351070
19964639
9063922
11663939
16382321
18541664
9942728
14297742
17142476
5960954
9164912
10793738
15261983
16052524
15906183
19445442
11903801
19817691
16294632
3498966
20491589
20845716
21258438
14562364
17208506
11585416
13386989
12401218
14081521
15907136
11612570
12704483
8983964
21330053
16604305
20913168
8278050
15030179
10547858
15415218
18687479
16817224
9033476
19981804
20922322
13283875
13134544
18527247
14461916
8633601
10574905
18066168
13477609
12752910
12650700
21257188
3308477
14574498
11731383
19705855
16318181
9998756
11165585
13141241
12070916
9357852
14742288
16423044
8236739
12298150
15834104
15614753
9068137
22355236
13287501
9064557
21030500
14605745
8637133
19995933
20546063
9679095
17349983
12090780
15233649
17544907
20104302
18610236
18051879
15645998
12527152
5070161
16594913
9309803
14388208
13829366
21006839
5521624
12769241
20724208
17505481
20223495
21852259
20340708
14237017
16013231
20683798
20922419
11050264
11546863
11468787
10468274
11193597
14549694
13298288
19489378
21007997
18654651
10389930
18056467
18737807
20947883
19448067
19469363
20191436
11452626
21173969
12074126
11892563
20357719
9052138
14585244
17652020
21734438
20368281
9499288
10911064
16811622
13883266
15274318
18770141
18500528
14793050
12992350
18152941
13403554
20924383
14219162
10639769
18058241
20924071
13164906
21424190
20926304
20229093
20874131
17291034
10111957
19544257
20508336
14281248
14253007
18838076
20944226
20202566
20700759
20753424
11797875
13029321
16118566
7719066
6576456
5909989
17873158
19456739
21720512
13767866
16488793
20943812
8763136
20534577
20387170
20831086
11762692
9707450
11170831
21145465
17825382
9979555
20885887
21165063
9543847
10383656
7920625
5663577
17178162
18972608
18161592
19674392
21763103
15362690
9671422
16730076
13471542
10332357
13149598
6313513
21500496
19750070
10565098
19072938
9360952
17027883
9194595
18388018
6415741
18136487
18706527
14204561
10648518
21613400
15868569
16737416
18578498
6428049
8315927
18065325
16469682
15445938
13329180
11895453
10455603
12436911
18968509
20300380
17407805
19981923
18136632
16987431
7322252
20953263
18778851
20223795
16287337
15232534
3668336
20952768
9361220
15954986
20507714
16292000
19774656
20945380
19208810
15446372
17625694
20713888
4448452
11976398
17166134
19809701
21088979
20205097
9745953
14517261
16837085
18038291
20930860
10609945
20296825
12111251
14691066
21825602
18498801
13919892
20702589
12739438
19493840
6226346
11819877
21756440
16008761
11798061
6209607
9631370
15936192
12390075
20058127
12221667
18960939
16926923
22046715
22208149
10495746
17310057
18050780
10399740
6308674
21425800
18534462
15969860
8926323
9174300
9918517
10032722
21277479
9624037
18961371
13854434
9267892
16721024
15052645
17951346
9440446
22325546
19575059
8354849
17647167
14264198
18055515
6121243
7278785
17582294
12386761
11658013
15209254
19029204
10469320
17417404
22041218
18541370
12326665
11371536
14452580
12008113
14681064
10056310
21062101
10611698
21159955
22175155
17122426
21787319
8171272
20614221
17032262
14558346
20322084
18086252
8274819
18064609
16657519
19844705
16104465
8300688
12383470
17496293
18209309
10511068
15362542
13528160
20756317
19617788
17908551
17619243
19577585
16492983
6190790
9519519
11928644
14251684
11893212
21001027
20875664
18430437
8692671
12135683
13181268
19367363
19515365
18951598
10879661
18541120
18778995
17774971
20912426
15296083
21678823
19152503
19691568
10465114
20945808
9628828
14622517
11985765
18092216
13930228
15195056
19542174
19525816
14165562
15420209
12708643
16170895
20059974
21239844
20197820
17042019
18500821
18960197
21312177
21691899
19136840
19552532
15909083
14366143
11037316
18089472
10456168
11165400
18945319
22029489
13676458
9421031
18268027
12712155
20844482
11819335
16013515
13780295
16832575
10585387
22207285
9523406
19688508
11401145
11796884
20725841
18495795
12896510
11373658
7499735
13116162
16788064
13332713
19793058
18541093
20729158
8926496
12544566
17595508
16324297
19484746
18546462
18197924
18500872
18960171
16587376
8146858
21482943
7043737
18954597
14642913
18687455
9681449
18174544
20346984
18201471
18755388
19109429
17667044
19461519
22175029
14831961
18029834
14278135
16893207
8060196
16291466
15799479
12873960
7213232
17958017
18957923
20767186
9007545
11735590
4295208
10793418
19880013
14369254
5323265
18022530
19577367
22061351
20948151
13994504
14207003
12211122
2586917
11352956
17166611
18710371
16442976
14789129
8267710
15647634
13307346
12246634
7605090
16927543
17417343
12165293
14271343
12914970
16587372
18499338
10111328
20901429
2878605
14392584
17126065
17137192
18001204
12825206
12453497
21167042
10659973
17099570
17009123
9329736
9675317
11553722
16962447
19549056
7602264
12900788
20966454
17930744
12514517
12850852
12298558
15390668
13997524
11798145
16293738
15054526
17676488
21184665
18201890
20387278
21335944
16293380
11513700
16071891
18960176
16491277
14341703
22270151
20830821
11588686
17487469
7460790
16654722
19467688
9104127
12013349
19372605
7824688
16816928
10332916
15232215
20548937
18468659
20924327
21512208
15002445
19491902
12037252
14249751
15962345
19972902
21122676
8280770
14489694
12404961
6486175
11783898
15952918
11143680
6217561
20949449
12386956
17002113
17293094
12835905
9669906
12738761
18541347
18206399
17137423
19138433
20101599
4998673
18804841
9579192
12517472
14575284
8310874
20706977
18897917
13524948
11373227
19804369
13030512
4607556
15050119
10765001
12053555
16859952
9234566
10175583
15381820
7551615
15208396
19687354
16957172
22023936
20716000
13404272
18826486
16874179
21215561
8962226
18272307
16071678
22055048
20990441
12774520
18961360
13117705
12180715
20546909
19679819
14582415
16430834
10032235
9491318
14661281
18228284
20547608
12854013
11795677
19475544
22174847
10480723
15362781
20925242
9992707
17980829
14807026
12147553
16721091
12329123
10052506
12344530
16183551
17633715
9730476
12319861
10195373
14251347
8942952
9049075
22106697
18640752
10136821
16895682
8771391
21915224
19981460
16807331
18197584
13603742
4381354
19826062
12959511
20952902
9527904
10605613
19562047
12699127
12405536
7907316
20923256
17669832
11608881
14251954
13229817
19759141
13177597
20816028
10325581
16003271
11950103
11896129
17487579
21924885
19555671
10340550
16149446
22421535
6520308
17329028
8941889
10769724
12527900
9506248
9199463
11408633
20439404
11582955
9818330
15199293
20489849
21054691
20923487
5126168
15031675
13140153
8365408
19684094
10022846
21577670
17952172
18523635
8554601
6156723
10910624
21562467
19807967
20949034
20260147
17674898
12518719
19164561
10111213
20762935
15231978
15087948
9676194
18809851
8975975
15404238
7967256
16296152
20600476
14781989
9467327
6971306
8410407
21340272
18199132
21657071
13044040
17290235
10074244
17793919
21869274
22263776
16796272
20948933
18147037
16719133
7736804
12004477
14495308
12418891
14748057
11799078
20890126
20353039
9608921
5093769
18499978
20566070
18195606
11100982
20562022
10228325
9755861
11884644
16305234
19859068
9690804
9616733
9355398
22206426
16885988
18706501
12211299
10302968
20519918
20266391
10059199
10416503
20943589
14231988
21781876
10391426
8228878
9252780
18157860
14251731
20352423
18805955
15049593
20710494
17284967
18164269
20197825
9363515
14414982
12715196
11947157
20192279
15050095
18736037
16728645
12221591
9662943
16820112
9683458
16167365
11915225
12542794
13474295
16198990
22066051
19810264
12514856
9188828
17931547
9961480
19344862
12830595
21328961
10495817
16115928
16328561
10581821
8261949
21128334
16328585
12100981
11946493
14452492
4363361
18911007
18056969
22133085
19730074
20928754
15429099
20579582
8286202
20349113
19366090
12073984
15862659
12060920
10508079
18129773
20192016
19738832
17882328
15293595
16417406
13201826
9049051
8530985
13478176
21218296
17813826
11406226
16291894
16741530
20944818
20913336
15325216
9943888
10452940
20728594
18207631
20446763
15647061
15031677
6990320
11382621
21666926
11200152
14075230
9109011
9079226
14263989
12779389
11366894
20590101
20920280
11596293
18267284
18501420
18541271
10847572
17739329
17830454
9977469
3319906
11862807
20730970
10888627
19989051
8753155
17723601
18077891
10666102
13027679
8949351
12298345
22213613
18143352
16122447
19894209
21541903
20202016
15226743
18500600
10658674
18236302
18732768
14629213
16584632
7786193
10695167
12152283
15895790
18703256
9207823
18194397
10234992
15002676
14521158
16834272
16495361
12044118
16179087
14457094
16990412
18980989
17992765
7861273
21331868
20187594
14345495
15417330
15125313
20016670
7509752
14627854
17116392
16004625
20187450
18449180
20561673
12766798
19322532
14989559
15980393
5842884
16747788
15865314
18506984
11081515
22181563
9551077
21877979
18969994
11691683
20820321
8964740
11739285
14756600
20762111
11041044
17077439
18841818
22371507
16926923
18205903
21389075
17975270
9199289
9608664
13994553
20094848
11622652
21781880
9984738
12315214
9257064
19983721
10626623
19571677
18957350
12165504
12776501
9174313
16950016
11647841
21691986
15079545
15262002
14606747
9313771
18107930
7260140
21933950
15904534
18194008
20584332
9529725
15049231
8973541
17885767
10426295
12596057
12780074
17040231
10794677
15999241
20891256
12054245
14987642
21424100
10063101
18914208
18036996
14628072
9304537
19191959
18606621
19851629
8434750
16702453
19437817
16878256
13435750
12381786
18957749
17027308
12851180
16889972
11616700
11609871
10417498
20143916
17490695
11976538
6226546
20370437
15646921
13435117
12298089
20113250
10456365
20947806
19517964
14268937
17963661
22277117
16965025
10100490
20550406
10518432
21555936
21582786
20333039
19428649
9104303
16181896
14294376
18528634
18821896
21810669
14491508
14283135
16329862
12990399
20949024
10678844
12134883
10594463
21377619
20949239
14720691
14810537
9481130
19712906
18111913
21599440
11891606
10354584
7900442
8692358
10774079
20997834
12752623
14061837
12324355
11097447
18270143
10610997
10627999
7873329
12305326
16703749
18849281
20944969
18047536
10634232
21926645
19587109
10399410
17818261
13250943
18534587
21740540
12518518
15427509
19515609
10442506
10017641
18408661
12097054
21245762
12613507
9363545
14053139
12312257
10359854
12815771
9202798
17142927
20979497
19431624
10356653
11158361
20513772
17179743
17361827
17370722
16373903
12594116
19363748
14519285
22056168
17696381
9954233
18742407
20925962
11193626
20020288
18246094
11687609
19040691
10794860
17006286
11583273
5224820
18099292
12525088
10219451
12885444
12219210
13286641
14264346
18590994
14483720
18967605
11101120
11853356
20675218
18180955
15008317
18182922
11590566
22333750
12496566
10561356
10335981
12418884
7754339
15410287
14505329
12137471
4875322
10035578
21900159
12128234
12242030
7080675
10161788
18007685
14703916
11375806
19367617
13435316
10336242
11461077
18533192
17122411
11798990
16991062
18953932
17107775
8617348
5288785
13177427
12115797
17291279
14280856
17549329
20020519
12020907
10681133
10988743
9304601
20258190
8529061
11724036
9772181
8979344
10450943
18049375
19300086
18210886
18283277
18915903
20672495
18225524
16868634
8941910
12299840
21479606
21287539
19114154
16747776
13742585
22108102
11321791
5651863
10595005
10582877
12950492
22263992
9216621
9259972
18044118
16914596
12021016
15312892
12521893
18157649
16293638
18051274
19489472
18044734
17213639
12622214
4392742
16478688
21814942
14615366
6047957
7377931
11934041
14254703
16701309
18045514
18261240
13298400
20351054
13829315
12012037
16874017
20579102
21031219
9931165
16001591
18959005
9597432
19855690
20204964
13784543
16817382
18702454
16698695
13434260
13912379
18001247
14249543
12592447
15904064
17956070
12852893
8985816
20692746
18986893
18910859
10641649
16086376
15885943
20509047
15033415
20505023
20461174
21457234
20979160
20100782
20477478
10793898
18905026
20997810
21875348
19170518
19164458
20547202
13560464
10394835
19688041
15341473
10487226
12263394
16472866
17292630
18132574
18199979
17767051
20637371
11654500
18654970
20468141
16766194
21198995
18231172
11071172
11148896
5327466
9408227
11746298
19073493
14001049
15814602
20061242
16079479
4509627
14650907
17439846
21521703
12455827
18129131
9936070
17961246
11981825
18273219
22055070
18737802
20730530
7570705
12456522
13368899
20615913
6468524
7512047
8499537
21255354
11936435
20113753
8239542
11705582
15924953
7022768
8232899
16295164
10792432
13934354
10362058
9170175
22374188
20932846
20890882
10940469
21256236
14460762
21703106
12010601
12949782
11942356
20421831
13258623
20170869
9558298
11942495
13110327
9923867
16536681
12151744
9564577
19559060
9537535
17775860
18064679
18503301
8003004
18050352
8342420
16820147
21258359
4831814
21682474
9751738
11537541
12210427
13995792
7941716
12747352
11951348
18546792
18952037
13009914
21655946
10289607
20912099
10442567
13227236
10102850
9260514
18268607
20928185
16724740
10385006
11326889
9980965
9962823
14667297
3522696
11891905
10392129
18961192
14406412
12752573
14249273
17980849
14441484
18957165
11468659
21852375
17509069
15390961
6166039
11443283
12805950
9082658
12211660
20912155
20081832
20992294
9442811
17950179
16837119
19254962
14263839
15438535
13453396
19981781
18242450
17178096
14768912
11742082
16482245
13135364
22402242
18654898
8060463
9466539
20946341
10879491
18694318
13748296
10513447
15979643
8663908
14000865
17007752
13327374
20832931
19894509
17211287
18706714
20614457
9265253
4155076
12307002
19563828
5243509
18267706
12671013
10515811
18543233
18208968
18040851
10321503
20771140
19972849
21000369
10387165
6551553
9007874
12250028
16197861
13081158
10763410
16396323
11148950
11946145
21235933
12026455
22392110
11785863
11595276
9705102
12857267
16897087
12221203
12180474
18368165
12389987
17136658
12065406
16740288
11584380
10513558
11529630
8201388
12301837
19502943
12733867
18098038
13288634
15919582
17138021
3378599
18547558
14823493
18658716
20487828
10555718
11801878
12518178
17011784
5306211
17983742
20007801
1888014
17488857
18945837
20949485
10362047
15943100
9108615
11545549
8227068
12453946
19789907
11323211
12052921
10092688
18733045
8104199
19754699
12194195
22336307
13290328
9289999
21455546
20909127
20926776
11717820
18893389
22287170
15295321
15900798
11606626
13000848
21353509
14805782
12733053
8036002
18461368
12491564
7716204
18970431
9812520
22206537
10296464
18541549
16624945
15087083
17819299
14386772
18026311
17215154
12555782
20912055
12525978
21611347
21425861
8533761
18961160
14336750
13999335
9349310
12806196
10706825
7996094
11592380
13582722
15320103
16289035
14489587
10867420
12265405
21138740
13309999
20469135
19474262
21022428
16817566
17987187
18968109
18767287
14429435
9534775
14562515
8984956
7260791
20303139
12528155
16891141
10532610
16183420
20982825
8775255
9534862
20951483
12850942
12398251
21732516
14946489
10421926
18656023
9442574
20384550
18166133
251789
12210485
10202703
13117593
16747858
19704749
11099236
6813964
15209498
20228874
19468320
21646852
21052313
10001873
9756413
18209173
12668644
10320141
9478511
17520570
14462475
18267934
12137451
9555168
4486375
17352031
19859827
20749278
21180916
9477805
19809205
11442543
20203307
15871175
17610929
9828221
14681862
10591153
14221068
9289951
14587787
16715727
11693156
14432447
12379680
19426699
16719102
18984759
8846905
17078699
14810025
18224984
12781138
16587244
20947997
19844006
15687270
18533102
13185133
19468971
14743184
17720931
21691966
21489369
16013310
20929248
15888358
6910908
12542742
14253810
3877892
18986204
12839858
2225089
16939378
13253145
18501310
19673113
18193828
14229371
14706672
17677243
16482548
14628798
12187450
21276913
20546828
18002649
14032180
17698026
21033288
10755331
22402667
20269157
12603231
20460241
12537320
22206850
18227603
11994739
17378435
10907602
17699236
10756882
11750136
13899198
17515793
20987539
17852709
22358964
15029991
10295724
15291074
16957829
14341115
10425161
11006696
10049959
12833058
7957666
18716469
21867472
18501562
12209759
18002496
10238323
18758184
16294337
16942981
14143384
20952729
16948937
12591856
15868699
8755277
10574387
10080950
22326062
20109162
9027955
19356928
11740905
19333813
21278981
21852007
17679555
16960447
12544916
16280037
20110050
16174984
22208866
13704417
20238818
18495917
17954146
9952948
20910077
19522475
20184299
20952192
18088572
11536057
18573507
19517444
21406219
21455274
15967516
19483522
12027972
20632312
18548593
20649376
11835674
20557700
7926235
20713888
8262349
21867433
18655918
21934689
19268942
18797705
16343827
17739871
19896927
20362653
12792448
10151722
16703619
16048684
19981661
9683376
2297915
14606754
12753405
18064075
14387443
10083328
11803023
8162905
16280157
12604155
14549774
18505536
11207154
18704411
21163313
11553723
16992672
11535681
16472963
19480762
16295184
15026219
20689595
14451745
22343078
12555389
9765749
12752008
12046893
13623564
17779545
18053583
19218431
21584491
8292072
21133794
22365147
16014615
14536801
19714500
20190226
20951235
17667225
5396079
7971768
19294120
9608915
14396878
20949977
13134130
19448813
18202743
14545682
15377942
18500944
9544881
19991485
18693380
14042706
9513476
13270094
13164963
21389004
17306922
11821437
19757983
22282783
20399854
11965400
21018448
14544420
18268792
10187031
19509858
16477720
19114165
15914041
18270695
19869180
19211034
20447053
13477867
11858580
10334452
10487341
21519280
18873632
22365993
12528184
11808828
15645580
16849364
12478437
16888763
5290975
15092362
10434427
19589223
15341664
11990269
12015241
10394608
11551847
16446252
17611391
14562449
19885227
19390861
17281959
11552341
5151683
22277258
9617323
12668790
12034087
6749764
18204374
6856648
22147614
18090084
21868530
21540830
22274020
22322829
12770114
13232167
22363649
8232630
19439840
19512962
10147752
10283434
15295762
12447424
13200441
11809917
20944521
8402782
11089058
10793160
19649873
10469336
9724313
9597316
20886884
16942077
17981106
14266052
17827003
18273672
14505674
19883547
17826285
20682574
8389243
5679848
17265813
20930932
17354907
8146712
11991735
18073639
22227924
17338294
21468849
18704506
6375747
18092366
11641868
9364067
18096090
19645448
18598027
11718230
11412708
21521849
10172314
12873844
4230159
11332183
19784315
20952541
17610267
10105760
20930598
10635216
13154404
13202915
14084115
17993031
19385253
15949366
9701601
13917508
16690994
19320429
12683907
13710840
17039981
10568591
19170333
8814103
16624973
20974666
12052668
16891659
10434541
18270469
8852393
9313534
6629735
12254207
9940895
20110047
17063705
20257402
19894772
18515362
15444681
11687648
12511764
16821609
11963508
9118160
17771939
19532355
19671290
19437955
12411738
8929244
20358145
17015393
14000158
20089843
20545614
10484878
17520410
9255728
16602466
22357038
12856059
20927375
7022455
17520405
9051064
19561863
16887689
21075203
17313503
8935252
21936323
19809384
21808583
17611243
11657188
10433941
19440577
18196188
9008012
14650105
11740147
18729967
11547584
19485762
14725220
20548776
18549125
10092326
12767664
19684702
19501923
16478014
13453086
18121277
6971875
18846584
12181907
20371688
15434459
19102099
10549315
11474427
11129017
15646878
9772223
22402900
12687817
16493611
12884137
13478007
19172558
20202038
18702681
19217501
19187360
10905932
10634471
14046806
20469502
18011307
19883840
22208960
18239453
10616907
18502426
8866057
16892736
10434185
7784120
8262934
21731962
19315652
9577791
11199695
11722705
8677002
10245974
21004779
12729365
18157355
11604270
19543034
10391164
16198667
18959723
9008021
17064804
21147678
21770526
15889647
7472187
20871996
14663940
10333354
13819121
22207077
14725823
22206920
18752674
18703140
11540321
22207027
13686711
14766898
18197458
10536232
19486804
13733683
17407868
13116402
16445882
15626204
12747171
17017280
18757998
10095989
11859098
20198474
12132897
10397047
10464090
12774107
17745466
18696588
20507926
10940560
10885613
11837653
14046328
18199992
7440949
3023049
18957806
18206269
18962524
14819318
19574966
11821341
17695522
14574501
18652684
19627458
21425680
7348163
17959686
18952018
21263310
8946754
11453473
16899885
14747384
22203777
11596232
18209914
20714937
18588380
11545823
20882264
11623583
15011085
12770435
20921020
9033933
16634466
10432265
12324700
18051773
18952635
19308934
17240618
11343170
9070686
18100978
17082981
20395908
19819431
14644967
13769136
13925598
20440765
20305198
21307641
17665369
10191342
15891004
14451669
15950763
22176605
20846357
16602469
19133485
14560892
11530348
14125518
18072325
22335714
15439195
12074660
10088661
18226538
10305707
19437714
18220139
8964884
18049866
10578880
21583268
17182033
13938215
10846586
16741928
13780401
19996321
21632265
11550441
16342860
12020774
14249904
19844077
16152411
22251241
16848925
12379465
21923570
18212803
21035057
11861989
12515692
18658567
8915302
19521407
17638918
19198588
15645346
14680360
8708358
9442574
18951784
16592461
12114945
13737062
20489701
11606520
18196237
17669553
20462862
9465744
19969086
11829240
17004232
18195748
21404577
9204694
20499700
17499955
18724826
11445620
13295443
6778270
14627669
15615024
7639225
19280037
11157542
13932956
16879427
18130889
12382085
12492428
16943131
21907201
12850856
10996186
13542306
9810222
8091002
20446863
9514666
13528570
14558094
21880190
18733917
20771161
14254701
20272449
9772102
15325653
21236716
14335645
10812267
12027508
9631381
20601565
10478847
18657812
18056584
16697163
9961678
11930560
16494193
11727806
12183194
16681264
16288600
10481854
22287189
9745953
20654478
18202239
8684196
22210150
9289961
16202141
16386508
14810689
8296753
9051909
12347202
16345415
11771960
6852534
12752750
7515742
18047478
18085752
12776490
11484945
20482830
12004605
4254284
11846911
11460245
12811159
6579215
10111517
17834611
7729146
19371076
9999921
12209735
15645907
10376439
17914808
20949259
18190984
19774638
20697906
20951045
11517502
15219407
8409670
12769336
12732239
15214229
22401440
12138331
2299395
18904767
17435676
16803923
10455941
20349542
19220202
19804586
12378463
8962458
18047344
8403933
15635250
16881745
20989528
13232779
12805124
12344575
14249183
10287931
17209089
9435191
17932018
10497723
9067660
8884115
18205299
19885864
17352031
16048480
18203880
21721238
18960313
20226535
12004624
12157256
7821285
16010136
13101778
13622533
16995746
19215230
10024800
20415085
17549775
15962419
17598839
13177723
14505373
20912612
11043254
9239702
12413729
20905723
20254702
20352154
20950764
10677175
6507839
14959307
15867214
15868458
21717901
10426179
10372337
14573860
18018551
13544847
15963697
16478291
21305678
6589257
10910572
18969795
22191866
19783020
14562728
22425978
9963340
10605965
9482862
11876556
16492721
18008875
21682487
10391637
22313812
12356931
18073266
11167543
14948113
18702820
21280443
16289040
17009266
20724134
21258403
9506169
22378895
10670022
10791801
18207419
14037517
12768337
13029021
16391915
20950776
14264380
20469456
18695233
18210038
2691383
13303617
8303868
11798206
11553498
5522768
10621234
21704206
18933909
20907853
17877833
10527329
16291012
12971704
7398481
14679757
21541035
15925881
21775247
21874140
12752582
18500646
18499604
7401716
14255492
12365680
17624717
14491013
22128370
14104845
18515235
15805349
13028999
19884917
19207590
10317737
18270244
18270704
10054282
11706969
22334664
21497825
18512953
19459164
12233028
21130185
12900167
11899841
20696560
21902951
14589650
16907161
18120839
21503948
18038414
6780671
15617162
21216967
18374348
4408660
18499074
21888702
12916897
12319976
12219076
19512296
17669958
15867893
17677980
18156421
11097458
17063676
17486902
18969712
19345537
9209170
12612860
14463617
18541277
9812445
20875127
9251728
18742383
16327923
4607562
20985800
11517801
10214818
12004473
14819260
12418301
10924677
10360368
17959191
12149185
21282560
10627279
13965910
14667715
8880365
15866959
16000387
12537257
20890442
10679054
14807153
9143847
17238529
13929213
15641039
18199939
19852806
21157235
7605090
20223272
18541104
10971851
11153575
16728758
14283641
18203118
12315110
20447390
15867063
12529150
19277620
17838887
20946760
13919375
13742591
11006675
19311668
13311277
10124702
18969531
18043468
10809122
16150924
12544584
14190046
16617676
20249002
8562067
12778769
10202442
16832622
12223537
9916657
17003248
17830451
14254099
14408049
20920823
12542549
11796849
14771520
17914765
9007934
18509543
7958214
15263789
19824425
12951143
10480306
14297739
14608381
16817110
16289350
17665240
14164008
16859151
3323149
14567686
9518692
19468565
20260519
21418340
10439898
11692125
19421364
16560165
18268659
7588689
21493551
4381213
22261290
8581302
18219753
10399069
22191132
7877362
18970472
19670993
11771082
11467602
11520076
11806123
13160394
6622891
9036878
18371008
21146051
7785537
11851371
20677582
16698039
21489374
20979143
7903135
17137037
11404116
16763225
18211950
8756210
18161182
8354911
17766211
11766469
16204565
18499367
16883271
12173701
15871967
12372116
11657445
8970886
15265081
18652850
16697433
10470196
18052098
16077598
16938916
13165075
12180511
14064391
12752809
20599880
11642864
20615135
12069260
21862541
16943215
18911020
19969123
20012529
13255058
6084548
21217966
18242411
12660417
8865788
12526011
11550934
17957322
21851620
15378139
18550225
19771871
10938635
13291693
18405714
16585206
12525001
18237430
21031412
17837131
17747245
18209207
18967632
17229017
11924035
8382148
20659331
10280431
12381719
12137399
14771888
11508848
12991612
13657277
20747098
16907716
20586528
16493984
8600800
10038970
18044348
18913787
19346994
11797813
18259446
10700194
20109185
10574369
12754842
16535158
15011097
17910800
11050403
9028380
14312413
18961226
14370119
11844238
17611243
10808590
9008046
9120936
20914432
10582561
13733571
16413230
18727088
13784849
14263548
20946937
19447713
21931281
10366720
5618296
7486489
18194215
7080678
22085047
17734425
8786018
17745412
14599351
10379983
10367348
4446928
18270398
19977304
20339593
22436061
18527204
19276018
15858340
7499763
18072446
21692624
11690625
20442259
18044588
13434385
12883918
15872059
11706443
20105523
11870155
11414364
8615386
20794768
10175583
20227326
14660829
22420958
22365802
19426580
9141872
5969180
11588746
7278616
10792178
12414604
18272674
20997834
18097880
20554863
17434441
16332499
15872515
9160511
16341871
20725674
15360610
18591574
17028362
18475818
20488194
15362711
11638113
16762781
20054895
12055055
12157142
16704044
16860305
12221506
11526034
12324444
14340146
8316394
20094686
13191204
9562270
8597346
12078520
8122156
14055544
18051018
18051887
19207770
11486779
8199231
11884975
10794103
12899479
13288634
14664394
18958764
12750402
19759159
6205778
9441111
11545777
15002593
10456681
7724086
22372062
7939195
19755368
20169730
17179733
16587373
19150658
18535209
14263830
19445608
12090156
10273108
10199622
8753790
16963888
11460439
20503976
18828721
12098668
15025883
10376457
16899912
21378474
16431232
20919902
6410073
19636148
11545754
20910799
17740877
13551283
17913497
20731162
21091010
16120988
11976184
9075712
10403962
12209517
13007734
20919752
18201887
17487148
14652847
15950713
18498623
17488695
9330760
13776156
16464198
18968622
11774960
13912464
17735206
10784314
12053030
18167617
18237139
12995543
7731457
11808534
7957671
13241724
18207983
18816659
18077035
11138154
13994204
10535919
19587380
8977127
20934747
17142270
9035731
12107671
12305007
11954403
16008297
9315140
13785388
18706057
16817234
17414577
18877317
20920802
10889867
12157115
18016788
21276408
16820106
8180117
10772896
19303578
14748452
10137750
20954873
14745971
16607671
10772860
12811108
20683726
14463636
19818180
16003270
11798347
20067507
15273860
18542341
16765388
18414317
21426962
22276478
16304410
5672551
13028861
18234563
18772806
15096413
20820381
22205859
18535280
22156824
17382557
13526279
20646882
10652215
9908996
14462550
10549385
8438888
12386761
14788169
15198434
7617790
20845908
20238152
7786273
12386768
18267208
14158727
17366850
4599707
8560215
18924226
10910615
18197239
9621735
17179505
9741710
12429491
16288967
12556523
11002904
16073245
16550651
21482934
19208836
18090228
19790209
11902676
11688458
10462892
9238144
10363553
15915230
13393480
13623876
13685397
12718938
20889011
15952494
11724204
10993051
14388233
18207857
20741037
17976957
9830470
18534490
11876636
16601569
10303031
11590524
15646842
8466416
20921874
17407718
17572479
12032068
11820099
4352536
17027730
11168373
10571761
21004846
12246571
12074099
9673851
12426579
21378034
9239743
20759635
17012726
14558059
10760592
20909120
4821903
15646358
22366396
10594528
11193919
12013467
14429661
17685416
14283933
8959321
11858526
6534887
16817275
13436205
10626524
12769845
16908265
13007733
4379092
18959982
16904299
17848729
18408543
13177518
12138079
9508946
10127566
9370269
9346471
10360176
19332921
4023721
15413912
20997797
19836586
18533320
19052073
10925892
10793542
11367612
12061262
10433606
19563768
12113363
20601174
16817276
18684890
16293476
17996060
20578617
12615341
12803955
15891507
21771724
16288661
4328927
14252263
16856344
19887636
21163189
17078127
21934620
18721650
19273109
18160434
14264807
11470732
8942028
16289764
20949550
22176228
14308485
18780550
16723592
21194404
20223766
12164403
17853897
12127014
20481018
18050319
13344577
21533539
12206975
14263461
20947898
14429306
13784875
20692053
19277163
19576378
11599498
11796898
11707424
19508311
11935449
22301099
12065123
17703351
10655448
12516232
18501439
14263901
7857364
16386559
16182459
11325700
18946521
17745100
6475182
8941812
21172514
9117965
8357764
11803696
10094557
18227734
20684996
5995375
16684398
18878457
17795215
14526740
6575827
20951259
11632647
11443173
20506776
14388351
20944119
8780746
17904055
19738950
19511578
17033604
15867091
18007823
12710503
13443298
10289581
8642634
12663695
11769837
8486819
13134686
14251418
15673526
8646376
10116422
16819963
21307905
18513694
12747106
20463632
18429324
17877258
20506391
14381418
20878687
8002806
21827466
19732823
11537616
18501792
9670433
12451377
12091727
11511706
13410737
12027766
9353290
14012226
22037488
15420214
12817889
16817099
20497837
10698340
10325473
21558907
12766728
20685109
12733305
20608144
12028453
19200122
2988160
9977377
20184386
14190509
10329695
17742544
18088156
18027340
9063713
10277674
17310106
18547625
10534182
11335978
20468086
19427103
20947638
16292960
21276057
20546438
12789025
13284983
14681862
16853292
18079929
16748349
6056241
11099414
21041652
14504931
9830229
12145042
21235425
10002858
16740731
18850644
16391159
14075600
12183194
6190746
21275683
14655329
21802123
20771068
10391286
20948878
20340040
13147512
16569907
10223359
11606918
14222778
7941842
17482788
10147936
19105786
11606159
19417625
14340188
9008053
16280448
11707024
15362832
15645994
11946339
21349789
13818454
18268293
9809207
17928418
10124524
10089982
11798691
18951924
18270830
11188735
20734131
18173945
19458826
10991453
20677639
22135619
18172583
18751145
13741513
9179166
19431599
16013580
14395986
12115185
18229420
21567961
21029998
21278200
12524483
20881083
9002627
21061750
10220330
22165423
17011621
10840853
18016890
9172878
14747617
17969900
18972847
12027304
17438510
13766130
17769691
7108578
18234824
16280378
20549162
18360444
20193773
18043467
13228800
10533680
15300678
14769158
10793593
11467479
17178579
16817154
17977948
15866262
9049659
12038585
10202530
18154996
18476290
17977436
16604039
4064084
10230827
20113737
20925271
12060973
10233920
13434629
9804673
15685180
19897139
15414448
21478367
13190114
17630221
13285001
20409593
12752675
18248957
19739122
22371168
9188366
13949772
14049064
16075853
2334485
21583882
9181765
22379862
19384275
12873708
11737381
8688394
19838602
14328296
14250690
10456536
14196018
13966308
12138028
21116566
11866305
11968383
18270260
13310935
17351916
17352021
16858881
14388242
18269132
18830918
19253242
17573281
12981822
8626059
20922590
22328482
20761846
21384424
19212372
17121257
20352451
20081031
11017469
13025433
9118172
5995165
13117503
4717828
22276029
20054656
9673851
20864750
16472257
18211415
10131233
14628791
15952472
6830596
17962339
9116253
7549198
12041712
11965401
5301758
14729180
12736593
12377939
10325660
15629700
19390407
16472425
13322648
14249182
12733376
13537853
18194609
16946270
14599975
19363267
11021376
17042147
15264076
16105540
11844241
15296209
9478492
21287742
21006730
21505323
18499113
20439370
20979812
14789970
8206684
13183854
18784719
18209151
14742500
11460955
12516636
9937105
12048781
17173035
20595685
8214858
11503330
21263097
21555602
12733626
17034589
9658840
10992056
16706590
22162367
12269850
12414148
11606012
18594531
12246775
18217479
17211897
13399020
7264055
10280726
10493036
20187481
8720540
18535685
11965430
14987240
12171991
14085749
20010147
12301123
11088419
12020719
4455104
11550403
20654254
16542162
22158554
11484170
8260336
8597216
13027693
18954432
21422869
21275738
15433730
16941827
9701506
13096616
10417694
16927229
21340264
7617766
10181093
12599191
21934296
10360263
20547174
9677809
20898943
11588628
20972944
13457994
8381125
18594905
14721577
8941814
21897663
18391612
10062835
18495858
8035202
10238394
20919653
15049526
13831189
10433967
10436106
14322398
10467473
10002063
9555314
9217201
9070685
16880151
17860638
20917250
16650228
12515796
9535827
15996707
10332877
14446877
18202613
8556688
18702183
9510948
19503515
12982180
12126060
19437754
12303251
12265098
19732267
20640379
19474328
18065312
11835564
20990827
11586048
17489390
18528645
18959280
15079782
10978115
17862856
9316380
21001348
7933062
14335273
20127454
10996645
20852835
15388545
21003998
12204474
17291687
15647291
12814526
13176907
21320084
18500014
9994495
11687490
16419282
13474329
11588815
15409267
18849162
19849541
15300151
18204333
11622702
15214316
3985398
17804694
20983578
10485528
18682572
11180474
6803051
11892803
18691670
14329129
12301403
18535323
18594507
15341473
13288148
16330923
15687885
18514906
8632422
19487209
9712697
13252643
9923896
10317833
14578189
12376998
16001704
11550680
18154013
7894681
9551007
12734613
14533473
20585939
15410814
20862829
16747249
16410163
5121596
16605464
11322572
17760795
12370616
4371495
19215913
14341413
13614446
21278045
20832795
19511291
19267279
8699347
16567171
21751345
12776720
13549512
12365349
8019470
17959644
14526349
18434260
9565659
17978024
18914684
16794488
18043866
19881144
21813259
14819291
11042036
13189011
12555778
14989476
18823241
16753497
21610684
11871485
14190044
17828932
16470431
19056498
17913021
9766337
11891724
19801102
17094007
5625770
8035971
9085671
15002815
16645122
16171648
15208103
9275683
19097428
9164413
18527644
14264849
20585033
16746512
21920520
12192105
15868014
18230905
10297467
10247456
12833392
19842934
7333350
20591533
16148013
8824449
10792697
21905803
12857060
18056967
16327239
18706678
18052459
13343522
18502293
12254020
14369404
12127118
11587594
14627397
14046670
10533618
10592603
19164493
11797766
11797094
15858474
17616762
20202014
13147507
18640847
18049484
14767850
19204077
10838441
21645128
20610783
15959417
10362310
20170495
13831223
19013411
21904377
13623487
9218893
3437767
13929738
5142718
20043881
10760924
18043989
13043612
16908814
6673600
17490206
11742477
18171295
16291381
8342899
11488759
18528659
10207591
13832977
17032291
14278390
7396926
16081232
8891590
9909419
18528473
17745053
18102630
6694933
13253348
15445453
20920269
22261892
16617424
7719330
20228502
10398648
12955705
18113689
10910726
15051654
14810424
21892421
7710652
11616536
22163446
12923328
10111434
12113154
3485310
16936916
11798864
17886302
13096825
17120206
21646766
12898179
18156208
8998316
19329390
18499432
15444480
20228451
5918910
17006697
18414564
8931496
17489367
22082799
12735038
13992332
18302790
21363839
10459398
15230040
8036722
9934594
13830078
12819246
10991132
11371599
16538624
20340544
13453377
21544264
20439441
18003175
12825180
17804597
12315143
18819720
11342647
10215490
13393629
18429463
10404640
21237326
18954292
10376439
18224626
16493862
8976852
20918149
11368305
7386098
12542248
6728345
15967225
12004445
16201996
13828343
16994802
19755455
12556799
20834274
15360068
17939067
20943533
11893110
8265299
11465098
9498844
11599518
17332712
18732499
19683905
6328018
14767699
12060781
20579492
9943661
7974560
6770562
16295411
17999054
9558298
9977419
11798206
17576490
21228911
18844796
20104743
11149784
15456015
18269059
18197476
18515228
12755011
17935211
8434505
18878265
19386354
18826365
9147927
8822680
10321375
12262958
8352888
2738112
17043028
17031518
16896765
19268359
17156003
15340170
10613648
18968624
6624306
10248147
3416750
10030283
18954147
17027274
19895445
18495793
15919050
12172522
9543943
20380556
11549780
22207230
13682685
16429655
11973944
9128314
14644572
18952082
18657695
18705533
17703081
16698230
19386407
17000969
17679102
11020656
9397821
21111641
14410638
18979326
10433529
9051909
18205543
3306510
18655903
14644918
14049039
15416819
20674568
11390712
21860500
12775986
10400329
11598496
10206692
6650168
19378418
20230117
16279461
21129944
17516717
18961506
22339740
18201306
7720759
15226761
9100423
8816584
9661579
19137202
18208361
6167687
20933456
16402763
11371581
12071167
15232136
13386111
14190594
19114257
15029024
21000075
21398789
17012684
15922786
15087539
12298551
17849514
18506132
5222123
20771141
20481498
20949328
19492910
20613502
11503206
17629410
17862705
12714361
22354993
19858479
8785962
15313129
20557655
21419414
10039821
22277172
17291684
16737537
21289490
10793671
11797141
21008284
21138653
15342351
21221747
19521649
12100574
17794335
16344396
21783727
16918665
21813270
21493217
21021783
15269539
13176929
16293767
18714246
18202855
21024174
19350146
9761444
11797994
16965268
15339691
8146431
9972128
12832365
19765428
8429315
10658594
16876564
9421047
10481872
18205770
18056990
20187544
22413563
14465816
12674641
18017009
19427097
16868137
18111912
19503536
20794581
8331227
11583509
11047074
7879582
19541807
12269936
6173109
18422049
16801899
14009544
12085098
20546857
16605100
11460044
9170107
22122337
9346483
20949224
13912870
18541304
18268261
3647175
11046512
15865572
17382466
18959548
18878180
19516795
19674960
10835744
11915267
11706992
13729947
18406053
12754185
9320242
14288716
18207287
11977537
17904812
18884441
20005084
16698686
12398262
20565696
22196026
19873140
18959945
8969617
14387116
15273262
16339016
16923803
20091711
9126381
12098123
14093388
14044478
11728243
5973657
12088728
15367773
6356413
17028374
11193735
3318933
20744659
22026695
11042148
20457445
20925266
13096852
21850936
4321690
15868564
15438989
16839467
12800733
20333923
16602439
20593877
22092978
13024789
7617233
18702807
16543373
13113305
16272580
12072743
7619016
14465053
17353940
21934552
21222110
8973401
12981683
21781881
21173301
17415526
22374000
16469280
17274181
21198762
13140291
10465141
11551222
20340708
8352903
18798728
14489561
22310456
11627439
17404230
12179416
13549528
11742595
20547803
10394745
21900077
10669061
20954301
9665499
13370478
19098895
12914653
19825819
13994506
9567078
12210816
18954187
11988814
21276275
20918927
12853269
11584721
10898024
18210585
20269178
11550429
18080286
8344307
11984884
12915784
18057750
20101875
17621126
18881304
20907985
14459618
9915827
15294140
11550434
11916202
10809120
6751709
21167015
21593058
18501644
19863663
12369387
17121206
8297550
10575323
22183905
12126706
9995536
12611463
13177354
10197014
4409766
13742382
20952566
11599622
11975454
19211552
14562137
8499788
9315814
12245444
6304110
8926320
20947556
16770169
9610401
19783109
15872538
12808196
10303798
12411601
10634896
21279448
20583620
10337951
12329520
20192243
20997833
8126835
8233169
16560649
12170753
10706371
13587729
11623058
8219927
20948586
18075128
6910918
21236143
13291759
19340462
14575319
8504644
12242053
19469385
11730203
12064791
20221591
17116862
21425051
10544484
13009304
12209574
14353628
16888929
20945087
17431980
16011724
19858287
19504622
12130588
12857112
15924870
19433015
11976257
11695114
16551984
21793154
22206375
17908370
6137004
18268704
9976884
19760276
18967800
21278077
13169328
21411635
13551235
11519144
12527043
12073935
12087284
11131488
17773578
13746947
11408186
5501543
18958340
13017521
14562295
19502986
20675671
20032246
10099751
16415249
15950269
11984884
16400985
9480559
10826014
18610608
15038144
21964083
22156964
10057005
18544821
8780211
17507605
18729964
20935394
18268921
12264827
11798403
18050214
4450717
11370471
14691064
3406059
17771752
22122874
16254547
14577009
15368481
20255112
19683621
17432305
9359932
17762980
9441312
20878322
6081982
20846083
14258761
14605677
13251212
17372570
9164779
12382886
12825092
6620344
16698729
20949792
20946245
19499116
21045134
14059119
15274330
21030665
11806567
9692474
8441457
18841819
22357963
17436113
18073119
18704555
18211201
13430502
17487479
11441875
8428035
14038231
17749645
19673668
12520667
8931517
12766809
10910750
11977229
9805005
17006747
8979906
16373361
17674704
22277954
18072859
12925810
9203127
19664825
8342921
12370391
15340059
10376115
16419188
21866544
17888619
16477405
10612572
6560066
21544726
11342629
19642498
18197431
19106757
9966848
10885059
10464941
11601153
11801776
9238558
15008632
19336226
16688818
15647925
18092311
9332448
10119768
15069518
9988555
14381391
11534852
17119302
19483522
9529912
19205717
16685411
17733038
12073862
20473517
11745794
20918229
12264014
10604134
9218812
20654580
18075458
9508524
17572346
21255959
21765408
8965020
18702752
20223665
6635565
20664527
21850780
21140957
18656606
4782918
14250203
9690763
18375159
14557616
4875001
18606067
11724880
9162483
12496568
12113416
16373786
18202462
8165836
12591176
12494232
16838761
20817966
11373094
20948108
12678149
17582407
13141507
7889626
16171795
15868457
10010598
10489525
20608738
11946250
20979154
18237413
12015241
19382532
11846733
16454009
16817203
10404647
15835845
8260285
18106117
10668947
20016973
18500960
20386891
19746640
9804143
10236805
20818676
7518833
14061837
14769074
20012024
20910784
11599475
20918111
11512317
18225406
7967382
14055534
18204362
18201316
9734166
20675275
14209824
21405120
10215951
12042989
16293129
15645633
12496558
14724033
11092716
13253810
18128825
21040173
10907776
20091709
16991458
14778756
12250026
20615135
16886934
15094927
12885303
16856620
22279744
10043462
20912280
12499847
22391685
22355766
18011215
20255181
9357630
10432993
11916710
12344911
9972805
12297946
17999923
11798253
7549589
21756403
20498295
20914341
11149220
12014732
12382085
20658195
11190469
8410407
22414134
10486068
13457590
11995604
10071640
12900171
9385012
21116531
18969901
12224909
20683270
8328310
15908286
19829811
20944331
11804061
15634941
17885560
13623537
8778360
20105097
9120924
9672838
12739283
19083174
18702780
6595291
17733169
9128874
18534255
13443466
10199758
12145273
9076453
22038400
16930594
8609971
16883467
20061902
12145879
19446093
17775946
20725812
8682792
17846057
9972800
12991015
20672633
13956616
21868308
13575851
15446372
9278365
20946794
18518166
16886265
14005751
11998331
14785158
18024393
18909622
14457997
11211947
10971145
17027598
18362844
21752866
11546033
18458330
20724170
14769956
20219506
11855617
20228507
9608196
20949136
12507756
12767135
11586451
12376413
17602989
19176567
19297850
11443391
20219525
4383628
13542614
9644299
11795902
20724796
10339285
11643787
14409658
18005048
15889228
21822285
21878205
17265794
10890188
7722342
10017686
13913467
12047606
10289880
9063255
20095792
16201047
14769010
5728844
12075559
19070640
8301015
11798318
21014232
20351230
14799677
9664761
11643052
10399380
11798691
9160522
18259095
21276743
16856948
19397306
9507333
21827857
20198773
14196792
17885243
18507544
20414829
8915314
17762540
9564576
10565983
11515280
16307067
14491831
18005263
21276193
11021382
18959686
13328982
13536677
20102370
10045251
18704768
15867224
19548378
5206098
18267860
12045727
22261614
16065885
4107299
20887626
21384007
12063902
19385462
16770317
20708852
16115291
5237742
14667720
9478523
17602097
19474008
17078601
12211365
17489078
21674082
8274680
20728972
15032538
10571102
11867207
8876013
8408624
20947499
18960949
21668452
16858346
11370668
13656930
17428049
14335559
17954144
16341941
8549350
18525264
11545357
11829759
14399915
17925948
13470641
16936944
17849106
15926233
13043450
17417419
18196379
15369513
16937805
16477262
12798691
20187595
19669403
7786309
21340766
9665504
19659960
17121679
7325746
10335492
15646521
16816004
9310335
20741469
21275513
20280591
20821462
14103236
16849129
10774386
19549056
19162555
16403231
17762175
10658853
19553965
6453583
15095828
19819205
15008770
13576933
20874396
12004509
19804588
12074206
15264429
12101019
20446892
18956770
16940724
12801873
18069968
16470954
21008789
16817324
9255907
12453533
17775863
11706595
12355009
11112901
15414376
12013925
9833557
12898929
20890066
8357710
16105929
10111540
18952485
11837140
3309368
20112553
18499156
11691003
13769660
10389460
15362563
16387645
18219349
12731988
21181081
10764942
11959378
10074657
10769417
14339367
10306956
11998383
16935254
3872821
10549317
10695519
13291060
9060788
13861495
7435446
14251709
14587905
20950465
20574085
10292284
16886006
20630422
18196908
11651674
3102953
7938296
17292357
7950209
17532981
10136863
12236646
12455767
14557605
12383496
20922864
12379609
21224207
18197627
10277222
12138047
13550506
17012946
18541414
12038009
11542211
11614541
20559189
21555913
12363919
11550025
12884004
12074053
16817568
18501743
9523391
21121232
21585781
11584693
16697642
10077390
8909891
19531986
13687349
20874803
21162682
12366826
5316322
17848155
18148259
22351704
20948047
18818495
19427020
18966040
18657913
7154432
16817295
19836548
5472526
11766312
20033983
10425961
13432808
11533486
17031637
11545825
21383717
20038451
12090453
10275165
9659738
11901437
17987407
12503247
16560705
15670724
12777821
21242316
16703877
6128506
15862005
13435515
12516593
11798426
15858928
21012084
18541083
16501665
13263253
12126073
20378307
9116337
7827873
18017589
21013880
12657126
11725688
11382017
18172911
14521115
17521255
19484595
12402711
15415823
18202526
13986098
16479357
16753100
17307138
6542610
17864063
17040763
20425810
19294087
14483080
20508040
12315088
20263821
18539216
15299588
10383444
20272203
21932151
19114243
19687880
21132846
15421055
14310667
16014402
14252038
19485745
19880125
17404230
16619294
18204392
19738561
18444112
14095536
12351127
19852808
17014501
20550177
17834504
12499943
21023883
9216406
18131582
16183311
6065963
12014540
12453576
6700195
11616630
6156622
15920304
17366865
7599270
21603839
21725349
9664923
22059790
18082112
6813969
16894337
14559314
10092585
21801764
14322404
12141031
18055492
10898332
18205965
13814152
10808060
16874901
9564192
12484233
19114220
17037994
16585076
14602705
20656789
20187491
8912010
9609257
14195414
17661644
18044436
19618680
10277258
17805961
12863548
16294006
20769071
8876601
11997901
18207408
11664328
20901924
16564052
21040809
12131985
19310983
16294057
18203393
12364087
11371484
14707991
12650713
12623979
21003240
19571075
18655599
20918490
14694977
12484185
18501104
19721864
22191839
21431076
21868785
9427563
20310533
17496464
11627747
8546316
20991411
17632581
12038303
8847401
19120584
12603048
16693034
19626649
18043580
13177921
9478265
18961026
18696630
16930668
17696382
20739754
